100 0.777771
600 0.988417
1100 0.928022
1600 0.905374
2100 0.842585
2600 0.88621
3100 0.922035
3600 0.915501
4100 0.886848
4600 0.938397
5100 0.926462
5600 0.977422
6100 0.918025
6600 0.889723
7100 1.00508
7600 0.974772
8100 0.968613
8600 0.96317
9100 0.981829
9600 0.940819
10100 0.935635
10600 0.905259
11100 0.915282
11600 0.931984
12100 0.884634
12600 0.913572
13100 0.981862
13600 0.91288
14100 0.954976
14600 0.934257
15100 0.939377
15600 0.960996
16100 0.948663
16600 0.970457
17100 0.947198
17600 0.946803
18100 0.931391
18600 0.956533
19100 0.923348
19600 0.912194
20100 0.98092
20600 0.978349
21100 0.929823
21600 0.933505
22100 0.946698
22600 0.930486
23100 0.952433
23600 0.957795
24100 0.906861
24600 0.96589
25100 0.952847
25600 0.92816
26100 0.949864
26600 0.955766
27100 0.965039
27600 0.933466
28100 0.96737
28600 0.954197
29100 0.96787
29600 0.925902
30100 0.939914
30600 0.921061
31100 0.964711
31600 0.936525
32100 0.947075
32600 0.94418
33100 0.9261
33600 0.937781
34100 0.96309
34600 0.953949
35100 0.948116
35600 0.930157
36100 0.955247
36600 0.934759
37100 0.938671
37600 0.926447
38100 0.946186
38600 0.959116
39100 0.939392
39600 0.969267
40100 0.946029
40600 0.942999
41100 0.949742
41600 0.967773
42100 0.96136
42600 0.956695
43100 0.944919
43600 0.945009
44100 0.957884
44600 0.943222
45100 0.927591
45600 0.951959
46100 0.956186
46600 0.960948
47100 0.948476
47600 0.958938
48100 0.9138
48600 0.949409
49100 0.957759
49600 0.923603
50100 0.93903
50600 0.94224
51100 0.959086
51600 0.956198
52100 0.941797
52600 0.958906
53100 0.964707
53600 0.931402
54100 0.953524
54600 0.939272
55100 0.92228
55600 0.932346
56100 0.942926
56600 0.968606
57100 0.952974
57600 0.960061
58100 0.933392
58600 0.944673
59100 0.957244
59600 0.938447
60100 0.962993
60600 0.957133
61100 0.943254
61600 0.952327
62100 0.930726
62600 0.956217
63100 0.939858
63600 0.95066
64100 0.944913
64600 0.939857
65100 0.965792
65600 0.913821
66100 0.940738
66600 0.947251
67100 0.952509
67600 0.943162
68100 0.935809
68600 0.925587
69100 0.937321
69600 0.926117
70100 0.960564
70600 0.951144
71100 0.939943
71600 0.948995
72100 0.94066
72600 0.971812
73100 0.920743
73600 0.948305
74100 0.933902
74600 0.969346
75100 0.936484
75600 0.941864
76100 0.935548
76600 0.93858
77100 0.94422
77600 0.925858
78100 0.944329
78600 0.932509
79100 0.95095
79600 0.923847
80100 0.957042
80600 0.94821
81100 0.955431
81600 0.951125
82100 0.936333
82600 0.951027
83100 0.936531
83600 0.948722
84100 0.939729
84600 0.9413
85100 0.943653
85600 0.936096
86100 0.935741
86600 0.944596
87100 0.949443
87600 0.945023
88100 0.965151
88600 0.942257
89100 0.941334
89600 0.941072
90100 0.959373
90600 0.951288
91100 0.934435
91600 0.943981
92100 0.958807
92600 0.963394
93100 0.950388
93600 0.950713
94100 0.943078
94600 0.913429
95100 0.94686
95600 0.935298
96100 0.942774
96600 0.94665
97100 0.955893
97600 0.953985
98100 0.933761
98600 0.949634
99100 0.94288
99600 0.942735
