100 0.9
600 0.914583
1100 0.956818
1600 0.935938
2100 0.949405
2600 0.923077
3100 0.943548
3600 0.948264
4100 0.952134
4600 0.949185
5100 0.942647
5600 0.945536
6100 0.939959
6600 0.942235
7100 0.947007
7600 0.942599
8100 0.946296
8600 0.938372
9100 0.948764
9600 0.944401
10100 0.95297
10600 0.958019
11100 0.945946
11600 0.936961
12100 0.947211
12600 0.946032
13100 0.945038
13600 0.943934
14100 0.947163
14600 0.945634
15100 0.943212
15600 0.939824
16100 0.938354
16600 0.95
17100 0.946272
17600 0.947514
18100 0.938329
18600 0.946505
19100 0.94699
19600 0.950446
20100 0.947015
20600 0.944478
21100 0.941706
21600 0.946817
22100 0.9431
22600 0.943639
23100 0.944589
23600 0.945922
24100 0.944606
24600 0.946799
25100 0.945717
25600 0.949512
26100 0.944205
26600 0.940789
27100 0.941928
27600 0.942844
28100 0.945196
28600 0.944406
29100 0.940292
29600 0.94451
30100 0.942359
30600 0.941503
31100 0.941479
31600 0.942524
32100 0.944081
32600 0.943021
33100 0.941918
33600 0.940997
34100 0.940799
34600 0.948049
35100 0.944409
35600 0.948631
36100 0.947057
36600 0.943579
37100 0.949865
37600 0.944747
38100 0.947671
38600 0.943653
39100 0.948018
39600 0.947696
40100 0.947039
40600 0.943042
41100 0.946685
41600 0.947806
42100 0.942072
42600 0.940698
43100 0.942488
43600 0.940281
44100 0.946485
44600 0.944395
45100 0.941519
45600 0.945038
46100 0.943574
46600 0.942704
47100 0.941587
47600 0.943277
48100 0.948233
48600 0.940921
49100 0.948905
49600 0.943271
50100 0.945684
50600 0.94622
51100 0.942392
51600 0.944113
52100 0.943282
52600 0.946055
53100 0.946163
53600 0.941185
54100 0.94866
54600 0.945307
55100 0.943897
55600 0.943323
56100 0.94492
56600 0.942138
57100 0.94757
57600 0.942752
58100 0.94262
58600 0.943771
59100 0.940948
59600 0.945302
60100 0.940349
60600 0.948556
61100 0.943965
61600 0.947707
62100 0.9437
62600 0.941713
63100 0.944532
63600 0.945342
64100 0.946197
64600 0.94702
65100 0.943894
65600 0.945217
66100 0.941641
66600 0.943431
67100 0.943573
67600 0.943121
68100 0.945209
68600 0.94519
69100 0.946237
69600 0.941756
70100 0.941441
70600 0.944511
71100 0.944954
71600 0.943942
72100 0.944643
72600 0.94604
73100 0.945161
73600 0.946145
74100 0.947115
74600 0.943784
75100 0.944874
75600 0.94499
76100 0.941048
76600 0.944648
77100 0.944828
77600 0.942365
78100 0.943742
78600 0.943289
79100 0.94567
79600 0.944174
80100 0.947004
80600 0.946604
81100 0.944621
81600 0.945573
82100 0.950746
82600 0.941268
83100 0.942599
83600 0.948191
84100 0.942925
84600 0.944725
85100 0.942362
85600 0.942903
86100 0.946312
86600 0.945165
87100 0.943628
87600 0.94288
88100 0.9417
88600 0.946558
89100 0.944402
89600 0.94322
90100 0.947003
90600 0.948013
91100 0.94742
91600 0.943968
92100 0.94206
92600 0.943507
93100 0.942025
93600 0.944364
94100 0.942495
94600 0.943142
95100 0.946438
95600 0.945005
96100 0.946462
96600 0.94771
97100 0.942675
97600 0.9448
98100 0.945362
98600 0.943674
99100 0.94696
99600 0.947741
